Angulo_deg	Directividad_dBi
-180	-8.89442124249513
-179	-8.90230068077187
-178	-8.92039754717625
-177	-8.96497481287706
-176	-9.02784558076796
-175	-9.09978425727557
-174	-9.173027402311
-173	-9.25938882674984
-172	-9.35970632768698
-171	-9.46886285343845
-170	-9.58407403625788
-169	-9.71264904578774
-168	-9.84974604956544
-167	-9.98962086511025
-166	-10.1362916891663
-165	-10.2865220202199
-164	-10.434733144133
-163	-10.5788437636842
-162	-10.7225383056047
-161	-10.8643682962464
-160	-11.0027019635505
-159	-11.1359075354581
-158	-11.2722614374424
-157	-11.4163009974927
-156	-11.5591202900103
-155	-11.6918064715624
-154	-11.8054466987164
-153	-11.8911281280397
-152	-11.9444445602927
-151	-11.9901245757037
-150	-12.0331670600146
-149	-12.0732485156011
-148	-12.1100454448392
-147	-12.1432343501049
-146	-12.172491733774
-145	-12.1974940982226
-144	-12.2179179458266
-143	-12.2334397789619
-142	-12.2437361000045
-141	-12.2484834113302
-140	-12.2472354125251
-139	-12.2401380371731
-138	-12.2285954279493
-137	-12.214067117432
-136	-12.1980126381994
-135	-12.1818915228299
-134	-12.1671633039016
-133	-12.1552875139929
-132	-12.1477236856819
-131	-12.145895383009
-130	-12.149754994117
-129	-12.1583905162782
-128	-12.1711074925076
-127	-12.1872114658207
-126	-12.2060079792325
-125	-12.2268025757582
-124	-12.2489007984132
-123	-12.2716081902126
-122	-12.2942302941715
-121	-12.3160726533053
-120	-12.336461399368
-119	-12.3582032885488
-118	-12.3832040035787
-117	-12.4108241032302
-116	-12.4404241462759
-115	-12.4713646914885
-114	-12.5030062976405
-113	-12.5347095235045
-112	-12.5658349278532
-111	-12.595743069459
-110	-12.6237945070948
-109	-12.6493497995329
-108	-12.6717695055462
-107	-12.690414183907
-106	-12.7046443933881
-105	-12.713820692762
-104	-12.7173036408014
-103	-12.708901625692
-102	-12.6824204493173
-101	-12.6397748515497
-100	-12.5829097408874
-99	-12.5137700258284
-98	-12.4343006148707
-97	-12.3464464165125
-96	-12.2494279572312
-95	-12.0880731493649
-94	-11.8779447405949
-93	-11.654131300554
-92	-11.396946027846
-91	-11.1186364138993
-90	-10.8219377691454
-89	-10.5267302433591
-88	-10.2298755022727
-87	-9.93185864222968
-86	-9.57941578144348
-85	-9.2162001317838
-84	-8.88377742360621
-83	-8.56948313816014
-82	-8.24233374508963
-81	-7.86866372102182
-80	-7.43664898885339
-79	-7.0476422605161
-78	-6.69718359250927
-77	-6.33233403585116
-76	-5.94182361813139
-75	-5.54657568300992
-74	-5.18491695664909
-73	-4.83875309411428
-72	-4.49913261644567
-71	-4.1142256712664
-70	-3.7310000282188
-69	-3.39455725311748
-68	-3.0601381486746
-67	-2.71829429277833
-66	-2.35546670731595
-65	-1.97833942493986
-64	-1.64249052236026
-63	-1.35499839771063
-62	-1.03439520476687
-61	-0.684129113303352
-60	-0.323902973561476
-59	-0.0232817823101524
-58	0.271940136676302
-57	0.573770642620958
-56	0.899599532947735
-55	1.22071090230017
-54	1.52678265210038
-53	1.78469171836253
-52	2.03814048312098
-51	2.37327655218067
-50	2.64636366887233
-49	2.90720683458997
-48	3.19027162779691
-47	3.46484491833158
-46	3.67834016188768
-45	3.97115161966054
-44	4.24106329547741
-43	4.45901319412793
-42	4.695737856387
-41	4.94775381910645
-40	5.20060459716525
-39	5.4277148001901
-38	5.62247921242004
-37	5.8295620400099
-36	6.05358680570478
-35	6.28166483927866
-34	6.46923143315304
-33	6.65291594241738
-32	6.83829369280547
-31	7.02937491816225
-30	7.22570475197038
-29	7.39896252247682
-28	7.54083353830623
-27	7.69832027950509
-26	7.87027079753629
-25	8.04320447616789
-24	8.17209855606801
-23	8.29884539307742
-22	8.43245624684903
-21	8.57260942025938
-20	8.70383854335265
-19	8.81774338815622
-18	8.90333655880157
-17	9.00491875875218
-16	9.1159261969395
-15	9.22121896415739
-14	9.30187652662742
-13	9.36191330123933
-12	9.43408780717772
-11	9.51724782267566
-10	9.58788394542898
-9	9.62950107510992
-8	9.65944237803327
-7	9.69730803503628
-6	9.74385097600537
-5	9.79751057936981
-4	9.81104126646484
-3	9.78855024174012
-2	9.77785466125952
-1	9.84031103801899
0	9.83654490372948
1	9.80692449278578
2	9.78364632718458
3	9.73557436773545
4	9.72170212043226
5	9.7166727692784
6	9.65705887966172
7	9.57631985017561
8	9.54003627358165
9	9.47866930029645
10	9.42516756954271
11	9.34990457928837
12	9.24696301493253
13	9.1511293610389
14	9.07514296912528
15	8.98445245917381
16	8.86750211993936
17	8.73385186146596
18	8.61366900862015
19	8.50554759987481
20	8.38605264886577
21	8.24471737928747
22	8.09102450208421
23	7.94424971262038
24	7.80630342706186
25	7.65451586432954
26	7.48443584484908
27	7.29302676168971
28	7.11546569979857
29	6.9440183805468
30	6.76961457123811
31	6.57116504776532
32	6.34518209731381
33	6.14526820453199
34	5.95878582703135
35	5.75661318752928
36	5.51864456300937
37	5.2810550055312
38	5.05409038253012
39	4.83538932842594
40	4.60768936012395
41	4.35490495496348
42	4.0895534764055
43	3.83772528118866
44	3.59824099489354
45	3.37626328034902
46	3.08198481875944
47	2.78079917785491
48	2.49804368010636
49	2.23148022004595
50	1.98094399162301
51	1.70072805896502
52	1.39983136932177
53	1.11341623261497
54	0.824311763712105
55	0.525659954701673
56	0.198023930649245
57	-0.127768596885335
58	-0.432512853309455
59	-0.708907389837075
60	-1.0217913357465
61	-1.35975551162975
62	-1.70167822565695
63	-2.01811671414291
64	-2.32057997689961
65	-2.63055633664279
66	-2.97616307518786
67	-3.3152664771991
68	-3.63876102382504
69	-3.93890120804989
70	-4.24848890252471
71	-4.56928211854205
72	-4.90573478008004
73	-5.24841783379897
74	-5.55858378913422
75	-5.86157193511577
76	-6.19811365250997
77	-6.52137437451273
78	-6.79633939333828
79	-7.07160202955543
80	-7.3709903586853
81	-7.65832334660636
82	-7.92774694683631
83	-8.17523430086118
84	-8.39805483736662
85	-8.6172162116098
86	-8.85268703923805
87	-9.08028319034676
88	-9.27175181015067
89	-9.44306745748611
90	-9.60113926676375
91	-9.75344874686068
92	-9.89984368924309
93	-10.031163015604
94	-10.1397378027068
95	-10.2367850952574
96	-10.325869599118
97	-10.4061270148063
98	-10.4766930428401
99	-10.5367033837372
100	-10.5872140939637
101	-10.6318541439549
102	-10.6718462167636
103	-10.7083610888307
104	-10.7425695365972
105	-10.7756423365039
106	-10.8087502649917
107	-10.8430640985015
108	-10.8787356898442
109	-10.9122913018267
110	-10.9443339211931
111	-10.9760391955797
112	-11.0085827726222
113	-11.0431402999569
114	-11.0808874252197
115	-11.1229997960467
116	-11.171301235212
117	-11.2266068305066
118	-11.28770136333
119	-11.3533486952349
120	-11.422312687774
121	-11.4934041630751
122	-11.5690882731189
123	-11.6504896912201
124	-11.7364144780757
125	-11.8256686943827
126	-11.9174064230411
127	-12.014528064439
128	-12.1160907531311
129	-12.2197097571104
130	-12.3230003443699
131	-12.4378158095013
132	-12.5677914325736
133	-12.6895232762777
134	-12.7794890515903
135	-12.8170356527609
136	-12.8357770810266
137	-12.8522940742205
138	-12.8665869000333
139	-12.8786558261556
140	-12.8885011202782
141	-12.8961230500918
142	-12.901521883287
143	-12.9046978875545
144	-12.9055403623138
145	-12.880785500476
146	-12.8188763289003
147	-12.7285149561768
148	-12.618403490896
149	-12.4972440416481
150	-12.3737387170234
151	-12.2375119376291
152	-12.0643683783376
153	-11.8779277724051
154	-11.7029828405301
155	-11.5408271578342
156	-11.3822404264503
157	-11.2239026947136
158	-11.0624940109595
159	-10.8946900065857
160	-10.7126079811576
161	-10.5200720794137
162	-10.3302843623524
163	-10.156446890972
164	-10.0056629566953
165	-9.86715259986343
166	-9.73926403819293
167	-9.62117804564021
168	-9.50949938792658
169	-9.40224799248092
170	-9.3026184395728
171	-9.21383595012812
172	-9.13822254019051
173	-9.06282453331769
174	-8.98988435317585
175	-8.92922555472935
176	-8.89067169294254
177	-8.88210060474722
178	-8.8826284640642
179	-8.88501688875013
180	-8.89068218168966
